3 0.26278409090909094 0.6432291666666666 0.13352272727272727 0.3732638888888889
3 0.6150568181818182 0.8871527777777777 0.5823863636363636 0.2222222222222222
3 0.5298295454545454 0.7630208333333333 0.3522727272727273 0.16145833333333331
3 0.6917613636363636 0.6883680555555555 0.3210227272727273 0.19965277777777776
3 0.4872159090909091 0.6293402777777778 0.29261363636363635 0.1892361111111111
3 0.4921875 0.5529513888888888 0.2997159090909091 0.19270833333333331
3 0.6370738636363636 0.5182291666666666 0.25426136363636365 0.1892361111111111
3 0.5731534090909091 0.4036458333333333 0.2599431818181818 0.11979166666666666
3 0.4509943181818182 0.3472222222222222 0.19176136363636365 0.1111111111111111
3 0.5859375 0.32291666666666663 0.15767045454545456 0.10069444444444443
3 0.3963068181818182 0.22916666666666666 0.14772727272727273 0.11458333333333333
