000005
000006
000016
000022
000035
000040
000043
000049
000051
000062
000085
000089
000092
000106
000121
000123
000129
000142
000150
000168
000169
000170
000173
000174
000178
000195
000201
000207
000221
000235
000245
000249
000251
000257
000264
000266
000272
000278
000281
000285
000299
000305
000308
000310
000326
000338
000341
000343
000355
000361
000365
000378
000379
000382
000393
000419
000422
000428
000437
000447
000459
000475
000483
000485
000486
000495
000511
000513
000518
000526
000538
000578
000591
000612
000616
000626
000627
000648
000660
000679
000681
000685
000689
000691
000696
000715
000722
000730
000742
000749
000754
000768
000770
000775
000776
000795
000798
000800
000802
000805
000806
000816
000832
000833
000835
000839
000842
000853
000862
000867
000871
000876
000879
000880
000881
000908
000919
000923
000934
000944
000952
000955
