000002
000019
000020
000023
000024
000028
000029
000031
000033
000042
000045
000050
000061
000067
000069
000072
000075
000087
000094
000095
000102
000113
000114
000132
000135
000139
000145
000148
000152
000154
000155
000162
000163
000172
000179
000182
000185
000186
000192
000198
000199
000200
000202
000203
000206
000208
000209
000211
000213
000220
000223
000225
000230
000233
000236
000247
000253
000259
000260
000265
000270
000291
000311
000312
000315
000320
000325
000327
000332
000335
000337
000349
000362
000370
000372
000384
000385
000388
000392
000395
000401
000406
000410
000425
000430
000442
000443
000444
000451
000455
000457
000458
000469
000471
000472
000478
000479
000480
000487
000490
000498
000508
000509
000512
000514
000519
000527
000528
000529
000530
000533
000534
000539
000546
000559
000564
000566
000567
000569
000574
000576
000582
000588
000589
000590
000595
000596
000597
000607
000610
000611
000618
000623
000628
000631
000632
000633
000635
000636
000637
000638
000640
000649
000651
000655
000657
000670
000672
000676
000683
000687
000688
000695
000701
000710
000711
000712
000714
000733
000739
000741
000744
000745
000746
000750
000752
000758
000759
000761
000767
000771
000784
000793
000797
000809
000811
000819
000821
000822
000825
000826
000828
000831
000841
000846
000851
000855
000860
000870
000873
000874
000883
000893
000894
000900
000907
000909
000910
000912
000916
000917
000924
000926
000927
000928
000929
000933
000937
000939
000943
000948
000954
