000001
000004
000008
000014
000017
000021
000026
000027
000030
000032
000034
000036
000037
000041
000044
000046
000047
000053
000055
000056
000057
000058
000060
000064
000065
000066
000070
000071
000074
000076
000078
000079
000080
000082
000084
000086
000088
000090
000093
000096
000097
000098
000099
000100
000101
000103
000105
000108
000109
000110
000117
000118
000119
000124
000127
000130
000133
000137
000140
000141
000144
000146
000149
000153
000158
000160
000164
000166
000167
000171
000175
000177
000183
000184
000187
000188
000189
000191
000196
000204
000205
000210
000212
000214
000217
000222
000226
000227
000228
000237
000238
000241
000242
000244
000248
000254
000255
000262
000271
000275
000276
000279
000282
000283
000288
000290
000293
000295
000297
000298
000301
000303
000314
000317
000319
000321
000322
000324
000328
000329
000330
000333
000336
000340
000342
000345
000347
000348
000351
000352
000353
000354
000357
000358
000359
000363
000366
000368
000374
000375
000376
000377
000381
000386
000387
000389
000391
000396
000397
000399
000402
000403
000404
000408
000412
000413
000416
000417
000420
000421
000423
000432
000439
000445
000446
000450
000452
000453
000456
000460
000461
000464
000466
000468
000473
000474
000476
000477
000482
000489
000492
000496
000499
000500
000501
000504
000505
000507
000516
000522
000523
000524
000532
000536
000541
000542
000544
000549
000550
000553
000555
000556
000557
000558
000561
000563
000570
000571
000572
000579
000581
000583
000584
000586
000592
000594
000598
000599
000600
000603
000604
000608
000609
000613
000614
000617
000620
000621
000624
000630
000634
000639
000641
000644
000652
000654
000658
000659
000661
000664
000666
000667
000668
000671
000673
000674
000680
000686
000690
000694
000697
000698
000699
000702
000703
000704
000708
000709
000716
000717
000719
000720
000725
000726
000727
000728
000732
000734
000735
000737
000747
000748
000751
000753
000755
000756
000757
000760
000762
000763
000764
000765
000766
000774
000778
000779
000780
000781
000782
000785
000787
000788
000789
000790
000791
000792
000794
000799
000804
000808
000810
000812
000814
000817
000820
000827
000830
000834
000836
000838
000845
000847
000849
000850
000856
000858
000865
000875
000877
000878
000882
000887
000888
000889
000890
000892
000897
000898
000899
000901
000902
000914
000915
000918
000920
000921
000922
000936
000938
000941
000945
000946
000947
000956
