3 0.4872159090909091 0.25260416666666663 0.14488636363636365 0.09895833333333333
3 0.5440340909090909 0.3211805555555555 0.14488636363636365 0.10416666666666666
3 0.5355113636363636 0.3845486111111111 0.1875 0.0954861111111111
3 0.5518465909090909 0.48871527777777773 0.2713068181818182 0.1753472222222222
3 0.38210227272727276 0.5451388888888888 0.33238636363636365 0.1284722222222222
3 0.421875 0.6762152777777778 0.32954545454545453 0.21006944444444442
3 0.6498579545454546 0.7196180555555555 0.33948863636363635 0.29340277777777773
3 0.5894886363636364 0.8949652777777777 0.6051136363636364 0.2065972222222222
3 0.11434659090909091 0.2300347222222222 0.06960227272727273 0.11284722222222221
3 0.20880681818181818 0.1953125 0.07102272727272728 0.109375
